1.384145
0.4176562
0.5138625
0.05354463
0.06427157
2.476652
1.777789
0.3363464
0.02499208
0.2160114
3.600833
0.333616
13.09037
1.476882
0.02215467
17.64778
2.77972
2.444884
0.01443457
0.2896274
0.04768889
48.90885
0.1386969
0.8464835
1.872845
0.2208232
0.01407476
2.192357
0.0288402
5.896795
0.1864281
0.04289091
0.05920083
0.02841729
0.09921134
0.007015201
0.009151793
0.008761426
0.01124189
0.2879344
0.8360736
0.4910648
0.1589409
0.1768116
0.2375738
1.899086
0.2450243
0.023139
0.09603489
0.539278
0.3456722
0.04643462
0.7747752
0.01682241
0.1634225
14.9913
