420.1576508
541.4117067
901.1574567
639.0802287
750.8756058
945.798931
829.3978868
979.1648358
1309.87894
1492.398744
502.8389802
616.7168472
790.9225113
555.8786416
713.4411837
838.7561327
535.0766459
596.4408054
924.5618966
487.7583018
692.6397342
997.8769778
506.9994912
654.1587114
933.9192702
433.6813293
587.5962133
896.4746356
454.4782238
584.9989194
800.7990166
502.4368699
713.5196665
906.0006287
880.5969238
796.8289194
854.8790526
1167.371594
523.8000356
670.7791854
377.0583689
851.5430017
1121.093694
625.5179334
805.5376962
558.5812015
884.4004873
1257.498866
2051.178941
1466.332992
730.0988968
800.7990166
1245.696388
1201.000214
634.4002091
956.2314631
1148.601047
1768.82365
2822.533035
922.3548321
2293.191971
627.472597
889.9808984
1162.199954
1197.079357
530.7971855
1142.152593
1088.003887
484.6611563
1536.020101
678.8973921
671.8801659
690.4682565
860.6948258
873.3094846
894.4598352
1148.646992
926.876193
839.0413583
829.4974206
1264.00433
1937.977146
698.8317414
920.4199194
1897.57114
891.6823863
889.6783563
1221.481811
544.5991394
1031.449115
1462.949672
830.4352824
975.0414667
1337.99834
867.6427052
725.7459337
989.005606
1525.000474
672.1960238
923.3976822
472.3215483
590.7600924
940.9217689
643.3571415
2551.661514
1795.322589
1165.77339
815.6211743
1264.206586
1095.405617
447.4478524
1178.97418
975.8022957
1017.8522
423.879832
558.7767391
943.2487183
1348.300245
2340.617354
587.1791681
1540.974057
1115.848075
1044.684286
1389.792869
2497.785954
1585.380943
1862.043836
2008.854624
697.3099476
571.2517468
598.3464895
461.0977225
977.1107472
883.9849168
718.3593993
543.8970595
1587.348035
4957.813024
969.6837622
419.9980213
561.9989604
689.5988143
1398.520261
820.8168476
875.1716163
1392.44991
1256.317372
1362.85903
1999.25522
1209.472992
1125.035647
1827.400967
1014.153953
880.3944098
2432.390992
1177.854686
1222.593866
1519.581125
687.6637617
953.1192243
953.1192243
953.1192243
939.041806
1283.402457
1511.578881
1342.582128
511.7979918
689.798827
1532.307426
1056.080825
387.3195256
387.3195256
410.9986788
832.755432
614.9986053
887.465813
1024.817677
1006.435339
725.9999892
494.4173507
748.6413273
987.6417196
788.096071
831.7983137
1139.494475
507.5168945
576.1972212
696.5990541
650.8179784
949.5802074
497.1192813
570.1673989
724.7306003
408.3399344
638.6713482
1225.789003
715.3700777
800.4707563
975.5973987
1613.756548
608.5018788
958.6633783
835.9426414
873.7375111
951.4432098
473.0021812
601.0030444
713.9978849
829.2983651
959.7952688
1212.961295
958.8743074
1129.443147
1943.041873
539.6387855
463.5990211
562.6400045
736.7583831
1415.446064
2208.789706
636.0009137
759.4010269
1078.8382
499.7510128
1020.022536
1595.161079
776.5957929
1230.923525
1807.952015
415.440748
440.5174242
541.2005973
581.3598917
743.0772428
1057.676711