255.8394246
310.9586671
485.6800142
402.9973555
495.5607749
633.7978151
630.7565677
700.4409043
830.9586215
815.3602173
338.0013873
412.3613384
520.000618
452.4014729
512.7200578
658.8395303
392.5994967
443.5586338
640.1163777
333.839387
466.9583185
543.3969043
317.7198438
424.3208964
518.9616561
338.0013873
419.6411746
476.3200489
386.3601633
423.2783498
503.3571712
354.6388685
497.3181688
588.519464
654.5971446
550.7274276
528.3769767
640.4813481
401.3203555
435.9990219
276.5606096
588.3488181
664.1978022
444.8601664
462.8995149
377.7792385
553.1504356
810.8961548
1067.954056
1049.878792
522.7012097
572.0806626
907.3969446
811.5775937
427.7975202
649.9984641
860.6001546
1143.421086
2032.67919
590.618327
1570.391138
483.4800247
600.4803991
696.2021057
774.7961791
390.5984304
612.5619009
708.7621516
296.9191858
1071.462696
496.59758
503.3974414
357.6411109
430.3375927
624.6990414
582.5412509
580.2215422
543.8807428
588.6371796
627.9998955
712.1011743
968.3949401
482.5815876
593.1693856
1033.565754
693.6794734
693.6794734
761.2790658
361.3980563
628.4522182
771.4485644
757.1186664
821.5969941
1022.32017
679.4407274
538.7491157
679.9980972
977.003271
561.2014882
728.3997466
372.3186226
361.5209526
517.9195908
459.817651
863.9198515
831.4407173
534.7610438
392.050242
934.9751954
813.3080963
263.7099962
769.083849
630.5862864
645.9874007
319.5583863
348.4518301
614.5068032
662.009562
1504.370775
406.2180157
692.1688993
588.1370506
511.260886
700.5599893
1301.145098
879.0660174
912.8850783
1509.781172
484.0605489
399.6703171
444.1001056
248.8101112
527.8013596
500.6313491
436.8107347
374.7990441
726.3921351
1827.199964
523.4910847
334.9998218
473.2008839
581.2029457
929.7539674
591.1974167
637.5482752
674.9509354
776.7588952
959.5169685
1250.964334
737.8200794
810.6772424
983.0008649
708.8968292
633.1200142
1424.804656
830.9586215
925.5794742
1162.002397
383.4579627
621.1173292
621.1173292
621.1173292
548.6002312
745.2352945
837.8004955
795.3402416
418.5975679
508.7974499
883.2780116
742.527569
242.3202019
242.3202019
266.0009819
614.7588026
385.3183979
515.619969
708.4787034
734.2356308
433.0009838
327.418772
429.0399336
619.6408277
400.7989781
620.8006401
819.996441
360.8780177
395.7608046
442.0000521
404.0384311
670.7993091
297.5701513
353.4881631
383.9375849
284.8008033
431.0999648
801.3517586
448.451259
577.9110707
570.5210123
865.3205359
444.5577643
680.4198268
576.2778945
631.7981751
608.6418503
300.9999203
377.9984141
397.0014766
588.519464
681.761575
807.3602701
696.8010971
811.1962419
1305.720141
442.0000521
353.6012974
468.0007975
526.7573468
890.2390303
1318.803282
331.0005378
416.4015254
596.8405546
408.499218
775.0209025
1138.162046
485.5197662
772.7611424
993.9630173
305.4389737
306.5190786
299.199328
468.0007975
522.6019059
750.3201634